Reference	LE A624 pup 1	LE A624 pup 2	LE A624 pup 3	LE A620	LE A622	LE A226	LE A223	LE A224	LE A206	LE A382	LE A280	LE A154	LE A155	LE A150	LE A111	LE A75	LE A754	LE A761	LE A762	LE A795	LE A842	LE A839	LE A924	LE A974	LE A934	LE B473	LE B474	LE B521	LE B522	LE B026	LE B028	LE A975	LE B086	LE B554	LE B085	LE B087	LE B553	LE A887	LE A888	LE A889	LE B135	LE B301	LE B555
Age / days after birth	3	3	3	45	45	104	104	104	128	136	160	212	212	260	388	219	219	353	353	132	102	40	255	227	65	68	68	32	32	33	33	52	210	46	210	210	46	79	79	79	226	200	82
Age / dpc	24	24	24	66	66	125	125	125	149	157	181	233	233	281	409	240	240	374	374	153	123	61	276	248	86	89	89	53	53	54	54	73	231	67	231	231	67	100	100	100	247	221	103
E(h)	0.504895417	0.36842344	0.388157245	0.02051502	0.224573407	0.309264346	0.216591928	0.218314869	0.258201964	0.123209843	0.152950017	0.070273171	0.30724354	0.159756724	0.274783843	0.419734666	0.557347878	0.170435764	0.18956558	0.428559909	0.561826179	0.194851201	0.331446205	0.441983146	0.678743218	0.677600579	0.777153935	0.676397294	0.848169952	0.249687755	0.421905136	0.392414891	0.722119164	0.745831616	0.598903114	0.732255398	0.7231032	0.391229916	0.629925663	0.573593884	0.712487495	0.744678664	0.956656811
V(h)	0.002285666	0.006558405	0.005553624	0.000666257	0.007271358	0.011474809	0.011033937	0.015419832	0.008331464	0.007763444	0.010392796	0.008148391	0.020558655	0.015891229	0.026727815	0.007401343	0.011111629	0.019348199	0.037102615	0.014952741	0.009045028	0.009009527	0.019034446	0.007796677	0.013275844	0.011901149	0.003602487	0.003004557	0.002657073	0.011462764	0.00247541	0.009929604	0.014001125	0.009334416	0.025025426	0.028595628	0.009323112	0.007318136	0.008386697	0.016451629	0.018571718	0.02305243	0.001181131
n	20	20	17	18	19	27	25	11	19	19	26	16	11	11	17	15	12	28	12	18	19	13	15	20	18	14	19	19	20	13	18	17	39	40	19	16	32	19	19	17	17	18	15
V’(h)	0.009143542	0.028185449	0.023384548	0.033156752	0.041755769	0.053716011	0.065027968	0.090357556	0.04349868	0.071864324	0.080218372	0.124717377	0.09658982	0.118384078	0.134123476	0.030388488	0.045039011	0.136845272	0.241505576	0.061057434	0.036741893	0.057427875	0.085899539	0.031612332	0.060884162	0.054477963	0.020801299	0.013726707	0.020633022	0.06118572	0.010149233	0.04164658	0.069774295	0.049240768	0.104177903	0.145853324	0.046563183	0.030726642	0.035975984	0.067263732	0.090660498	0.121244122	0.028485324
Number	1	2	3	4	5	6	7	8	9	10	11	12	13	14	15	16	17	18	19	20	21	22	23	24	25	26	27	28	29	30	31	32	33	34	35	36	37	38	39	40	41	42	43
Mouse ID	LE A624 pup 1	LE A624 pup 2	LE A624 pup 3	LE A620	LE A622	LE A226	LE A223	LE A224	LE A206	LE A382	LE A280	LE A154	LE A155	LE A150	LE A111	LE A75	LE A754	LE A761	LE A762	LE A795	LE A842	LE A839	LE A924	LE A974	LE A934	LE B473	LE B474	LE B521	LE B522	LE B026	LE B028	LE A975	LE B086	LE B554	LE B085	LE B087	LE B553	LE A887	LE A888	LE A889	LE B135	LE B301	LE B555
Mouse biopsy LE heteroplasmy  (%)	48.51095267	27.12410757	36.53560261	1.833577396	27.40728371	32.09060792	23.61563218	25.42578612	20.08484896	20.37446287	17.28926737	4.133273385	31.5633227	12.78055413	30.38164579	44.04459348	47.30724033	13.06900845	12.68794763	42.15188168	54.94897907	17.88764816	32.18821736	31.88517602	60.52710409	74.89578598	82.23051348	71.54448729	81.27665061	27.2321286	36.64306209	28.4707105	74.10774017	72.56324748	60.09629718	82.54772012	75.33477067	57.03167174	59.38946689	64.95502373	78.56203234	88.06711457	96.29643004
Age (d)	3	3	3	45	45	104	104	104	128	136	160	212	212	260	388	219	219	353	353	132	102	40	255	227	65	68	68	32	32	33	33	52	210	46	210	210	46	79	79	79	226	200	82
Oocyte LE heteroplasmy (%)	37.45438672	24.52939991	24.56701801	0.042464923	4.360708883	10.25984779	5.117005004	5.229263186	10.30510162	1.26543383	1.106675206	0.158534697	2.657228562	0.291622292	2.182679331	17.97425619	43.27181264	1.179910852	7.794130674	23.4751294	40.28531786	5.41646871	9.851882323	22.47374549	47.20468012	50.56243569	61.69209389	57.62247104	70.25093641	6.51370358	30.67471128	23.44269101	48.87397574	47.11204547	36.40194877	35.87154693	48.61033452	22.6663721	50.03109041	20.96233287	37.6107734	34.14008977	89.56319513
Oocyte LE heteroplasmy (%)	44.50698618	25.51852721	28.75248534	0.193058361	12.2608976	10.98710728	6.52388956	7.284403736	11.39329549	1.96799159	2.867805543	0.197825876	18.04762095	0.675078934	2.831572568	34.49345452	45.32600236	3.703857707	10.5330693	24.89495186	44.45287662	11.3673337	13.74822799	29.74335756	47.87278658	54.53904647	68.46923541	60.42044505	78.15579339	14.42156955	34.77688323	27.61668103	56.05300921	55.37771239	44.00511294	46.53816315	54.71746535	26.6083029	50.13377047	42.23286567	57.92568051	52.24847757	91.44302513
Oocyte LE heteroplasmy (%)	46.19895413	26.74314144	29.32065532	0.224859095	13.7754625	15.05355033	8.32323667	9.242952796	15.89190321	2.402103877	3.512198632	0.245999277	18.69963706	1.231666291	4.148768238	36.93418006	46.3993886	4.539836781	14.70403456	27.3152388	46.98757464	13.80971995	21.31368829	34.68219089	50.86257944	57.87066826	74.75460987	61.59128243	78.72581853	16.3579663	37.88556771	32.19371313	57.90475325	55.37771239	44.60271852	59.25505819	60.20243362	28.07030058	53.03571526	51.30381156	58.54308274	56.99380575	91.57564622
Oocyte LE heteroplasmy (%)	47.70990851	27.03276271	32.73201538	0.257447661	16.1951808	15.37144961	8.760023586	13.67574638	19.40058511	3.32663962	3.624250847	0.259442269	22.4734946	11.27733221	7.680463343	37.53596553	47.12568288	7.807472565	18.12041869	32.07937119	48.60409064	14.04836952	23.10478109	37.74732513	52.27893306	61.40295216	74.97973679	62.69480783	80.47934467	17.61453639	39.45378662	32.8046238	65.58380582	55.65767635	47.43499439	63.1734904	68.55380263	32.89089553	53.49121618	53.38735865	61.8557519	60.61868001	92.73984958
Oocyte LE heteroplasmy (%)	48.53341906	27.82163977	34.06128931	0.329943851	17.57326537	19.12510585	10.04558146	20.32414987	19.56712668	3.640771698	4.133804503	0.407656249	25.92147046	12.69580793	12.17788184	39.6817129	47.45971471	10.08719745	75.28786746	32.85935426	49.4455872	14.41717447	24.02574759	40.25265068	61.69338357	62.73144011	75.1559051	64.23157204	80.82836922	19.89597301	39.50451083	32.8465039	69.09559117	65.36241444	50.58937556	66.70414591	71.53975003	33.57906918	54.5135082	54.23861514	63.87309957	64.67087705	92.99127776
Oocyte LE heteroplasmy (%)	48.7915354	29.45961982	34.62347853	0.475516097	17.99971497	20.6701963	10.95103515	20.75236411	19.79838139	5.064004055	5.387245842	0.621108615	33.76597757	16.55210754	18.89662912	40.04781915	55.13861242	11.99666577		34.46352687	50.06439022	16.76743068	25.07891314	40.42711177	62.40310108	63.54996347	75.20164679	64.43966959	83.79341032	22.0176426	39.74380324	33.52669415	69.74339776	69.62233024	73.38567432	66.93752295	78.09730455	34.50630857	55.20426675	55.08515403	64.28442497	68.55995818	93.29708865
Oocyte LE heteroplasmy (%)	49.31930219	31.28207408	36.01452479	0.487047247	20.04878938	23.60746367	14.60157802	26.3782419	23.19085644	8.043862708	6.416424371	1.658031183	37.48747587	18.93087808	19.94241269	40.22297948	55.14234553	14.08879003	6.669866139	37.45063625	50.42156349	17.180419	28.29796532	41.43035172	68.57766878	64.56709968	75.37762874	64.49535396	84.38693131	22.26761532	41.10370136	33.72408401	70.14804068	69.93730888	77.80210738	70.06623907	78.50252516	35.25875723	59.48925774	55.63678704	66.37209085	75.83160907	95.25634285
Oocyte LE heteroplasmy (%)	49.40371615	34.13286305	37.31959305	0.619383274	20.44762071	25.69552961	15.47307975	26.83768819	23.41003768	9.291800806	7.290364782	3.271250063	40.58196298	19.77443725	31.14794545	41.87255443	55.894626	16.06180378	7.375223255	39.59346388	50.97511686	19.770521	28.91288773	42.56495453	69.45580339	67.25592532	76.42742159	65.10091044	84.73781211	23.05508049	41.60101201	34.37153256	70.79697004	69.95318478	82.92047298	73.59060106	78.92696403	35.47368176	60.95431943	55.84087512	69.45157873	78.2906604	97.22060815
Oocyte LE heteroplasmy (%)	50.00782893	35.66585484	40.87295816	0.688785333	20.81377935	27.12796065	16.79234259	28.51828096	23.54965611	11.25813216	7.679186645	3.463752228	44.77751242	23.45832013	36.83212995	45.5561894	62.75333854	18.69265357	8.869451025	43.43700056	52.49051554	20.13277779	40.74761115	42.6566403	69.50284185	69.31689942	76.78568315	65.12115333	85.05225849	31.8318195	41.97131265	36.58372307	73.95593505	72.33765455	88.66945783	74.58960244	79.3293793	36.86660765	61.03921561	57.14048258	70.13160149	81.51960256	97.24092367
Oocyte LE heteroplasmy (%)	50.33713379	36.75262789	41.47542561	1.23410821	21.47309996	29.26170719	18.96479015	39.4187121	25.19980147	11.81257186	8.471226607	6.382669374	44.96312882	32.03453017	36.91876288	46.32008351	64.10760229	18.88187097	12.74432165	45.78331323	54.87170658	22.6589492	40.78032747	43.31245788	74.04944772	72.85310992	77.00952496	68.41484679	85.57386621	32.82484433	42.36829818	37.44795043	77.29666976	73.4085215		80.8065786	81.66216469	40.02230149	63.73917751	57.5507568	75.36621888	83.02136033	97.53516301
Oocyte LE heteroplasmy (%)	50.42448975	37.51646555	42.20638016	1.796938254	22.5411099	30.09367421	19.06521258	42.48455308	26.49150606	13.51246145	9.743929644	7.067232795	48.59238444	38.81061567	38.2973603	47.23899464	71.40678085	20.32225653	13.23702863	47.26136749	57.62618804	22.73158406	43.99015597	43.41807741	74.36786898	75.03744691	79.02816749	68.50833116	85.8304957	36.31356628	42.46573655	40.19532191	77.69210059	74.23717773		81.24153463	82.30855956	40.589902	64.02995692	61.22096215	78.75970144	83.58664487	98.79456848
Oocyte LE heteroplasmy (%)	50.83042505	40.25417331	42.43196681	2.211594753	23.06804823	30.31356925	19.09130686		26.50258424	13.57599594	11.04664739	8.414643437			39.03085656	49.70575789	74.79154667	25.01087741	17.87592228	49.15653557	57.72011355	32.66694999	46.0267952	46.11121948	74.48199275	78.34553659	79.63509097	68.88173605	86.1530664	37.99329409	42.60898711	44.83090378	81.97552271	75.15886813	44.31977069	83.91889868	85.79845412	41.41373651	66.04498175	62.57462615	79.59301374	83.61143445	99.12959489
Oocyte LE heteroplasmy (%)	50.8497279	41.14630652	42.56746366	2.476375278	25.30205775	31.06555862	21.03537336		28.18722393	15.06379964	13.83843013	8.69907794			40.97835579	50.11551552		39.83420011	34.26736252	49.58872491	58.50693796	42.33886302	48.33256866	46.52491122	74.98667782	79.14148935	80.29932793	70.80489796	86.54632847	43.48647062	44.60288297	45.0828936	82.98352907	75.26048143	45.21695667	84.10306613	86.94172788	44.65025434	66.6414436	63.65628702	81.13808043	83.69911357	99.19075827
Oocyte LE heteroplasmy (%)	52.38719551	42.23723975	47.33751632	2.913918337	25.733841	31.827963	21.67245663		28.36950178	15.96690149	15.64373793	18.98242954			42.6720608	50.49461797		47.32012841		49.76140275	62.89363834		48.92691912	48.9887448	75.45511859	91.46679675	80.48624981	71.16261527	87.07839919		46.43529017	45.94395293	84.96464623	75.27801827	51.73633462	91.50813131		44.87657775	66.81217732	63.83338733	81.45828392	84.44733554	99.49559968
Oocyte LE heteroplasmy (%)	52.47910874	43.21396155	47.60603915	3.561586052	26.36741417	32.86851441	24.38965507		33.10071659	18.03588033	17.78095812	24.7335948			42.97988233	51.40791762				50.49709103	64.96028492		54.03083681	50.94474236	75.73653641		81.31005186	72.26144458	88.22442379		47.28819935	50.78437183	86.92988051	76.98306946	52.88328307	95.02481507	58.87705711	45.7086162	66.84675376	65.66077898	82.90184731	85.67738462	99.51157536
Oocyte LE heteroplasmy (%)	53.0059748	45.65990141	48.93700226	4.058940248	30.97765489	33.94916972	25.38715139		34.78662055	18.16264854	18.11125475	27.87382527			43.51568284			1.588323379		58.47598477	65.30048943			52.89606632	77.5601559		82.42679322	72.7671171	88.62422233		47.35377046	53.52166731		76.99872671	53.76790264	98.27924302	61.63644058	46.05162051	69.35759242	75.07191915	87.66306677	85.97228674	
Oocyte LE heteroplasmy (%)	54.38227404	46.2199019	49.04150418	4.838704516	32.41272452	34.44355968	25.6216467		36.84553585	22.09733381	18.35914837				46.8990886			5.738705394		58.89671205	65.81231524			53.71998439	82.15484945		84.13646368	72.95474091	88.89301718		49.7249514	62.18800634	50.85914167	80.06867623	60.8020812		63.46363166	48.75737349	75.09118867	79.71260201	94.30044404	86.21235748	
Oocyte LE heteroplasmy (%)	56.32932331	46.2655088		10.51636436	33.39294423	34.80307728	26.47663467		40.49722773	25.66434716	18.94451277							6.078981225		66.41803156	67.45037486			53.81254132	83.09336641		84.3908291	74.36632609	88.98148115		49.86584039		52.02057527	81.35095688	61.01755042		63.60052335	49.49772193	79.44380063			91.31991727	
Oocyte LE heteroplasmy (%)	57.04985946	46.68809739			41.94515894	35.93159156	27.52297885		44.09606942	33.94602204	21.68660035							6.175582307			78.60065735			54.82359541			89.02601545	79.31513758	91.79542709				56.63472063	81.49281176	64.58140958		65.37845229	55.84843999	80.95932792				
Oocyte LE heteroplasmy (%)	59.78928397	48.70681226				38.86480763	29.62744374				24.29052414							7.171702026						57.43562394					92.22850236				58.80588938	84.75074744	77.05366908		65.76436404						
Oocyte LE heteroplasmy (%)						39.5932191	32.64299486				26.63166284							7.795234398															60.25470402	85.95706367	80.72509571		66.751068						
Oocyte LE heteroplasmy (%)						39.80700368	34.29975225				26.73946939							9.517800365															60.57252986	86.85485815			67.61917329						
Oocyte LE heteroplasmy (%)						39.8922047	38.29419214				28.36107094							16.09179573															64.99881519	87.8126152			69.19594326						
Oocyte LE heteroplasmy (%)						41.74276945	39.63607412				28.84297846							18.20565092															65.43469124				70.82502932						
Oocyte LE heteroplasmy (%)						44.80090225	41.16438362				31.98815807							19.80644359															67.45838675	62.10429445			71.71505933						
Oocyte LE heteroplasmy (%)						48.84665228					35.17177727							20.01545674															69.41406343	66.34459659			74.05159678						
Oocyte LE heteroplasmy (%)						49.00957901												22.58514051															70.39352124	70.16156373			74.20366476						
Oocyte LE heteroplasmy (%)																		41.95536161															71.4904626	70.22589931			75.76399095						
Oocyte LE heteroplasmy (%)																		54.96643976															75.08874053	75.56683513			80.31491646						
Oocyte LE heteroplasmy (%)																																	75.22001548	75.99262818			80.39195581						
Oocyte LE heteroplasmy (%)																																	75.6404166	76.01293186			81.1620228						
Oocyte LE heteroplasmy (%)																																	76.25676597	76.25758488			82.49293282						
Oocyte LE heteroplasmy (%)																																	77.70310078	76.83192487			85.53155167						
Oocyte LE heteroplasmy (%)																																	81.97152664	77.13000371									
Oocyte LE heteroplasmy (%)																																	83.70259825	77.97078345									
Oocyte LE heteroplasmy (%)																																	85.56355265	78.22138801									
Oocyte LE heteroplasmy (%)																																	85.98713514	79.78841062									
Oocyte LE heteroplasmy (%)																																	89.05927925	82.30085967									
Oocyte LE heteroplasmy (%)																																	92.27960268	83.11013122									
Oocyte LE heteroplasmy (%)																																	95.45667561	85.83380256									
Oocyte LE heteroplasmy (%)																																		93.12219206									
Oocyte LE heteroplasmy (%)																																											
Oocyte LE heteroplasmy (%)																																											
																																											
ov…ovary																																											
